circle
250 250 0 200
circle
175 325 0 50
circle
325 325 0 50
circle
175 325 0 10
circle
325 325 0 10
hermite
150 150 350 150 -100 -100 -100 150
bezier
200 250 150 50 300 250 300 250
move
600 0 0
apply
circle
250 250 0 200
circle
175 325 0 50
circle
325 325 0 50
circle
175 325 0 10
circle
325 325 0 10
hermite
150 150 350 150 -100 -100 -100 150
bezier
200 250 150 50 300 250 300 250
scale
0.25 0.25 0.25
move
-35 265 0
apply
circle
250 250 0 200
hermite
150 150 350 150 -100 -100 -100 150
bezier
200 250 150 50 300 250 300 250
display
save
face.png
